Level 1
goal 8.650016 -0.3 20.249691 0
wall -37.399994 0.001 -23.399994 90
wall -23.799994 0.001 -23.399994 90
wall -23.799994 0 -30.199993 0
wall -16.999994 0.001 -35.599991 90
wall -3.399996 0.001 -35.599991 90
wall 1.200002 0 -28.799990 0
wall -5.599997 0.001 -23.399992 90
wwll 8.000002 0.001 -23.399992 90
wall 28.400000 0.001 -23.399992 90
wall 42.000000 0.001 -23.399992 90
wall 34.800003 0 -30.199991 0
wall 31.200005 0 -30.199991 0
wall 27.600006 0 -30.199991 0
wall 24.000008 0 -30.199991 0
wall 9.000000 0 -6.800001 0
wall 19.799999 0 -6.800001 0
wall 32.399994 0 -6.800001 0
wall 39.199997 0.001 -6.800001 90
wall 39.599998 0.001 6.800002 90
wall 23.399998 0 0.000000 0
wall 19.799999 0 6.800000 0
wall 23.399998 0 13.600000 0
wall 16.599998 0.001 18.999998 90
wall -3.600000 0 -17.000000 0
wall -3.600000 0 -3.400001 0
wall -7.200000 0 -10.200001 0
wall 9.000000 0 6.800000 0
wall 0.000000 0 17.000000 0
wall -7.200000 0 20.400000 0
wall -14.400001 0 20.400000 0
wall -21.599998 0 20.400000 0
wall -21.599998 0 6.800001 0
wall -14.400001 0 6.800000 0
wall -21.599998 0 -6.800000 0
wall -14.400001 0 -10.200000 0
wall -37.799992 0 -10.200000 0
wall -34.199993 0 3.400001 0
wall -34.199993 0 -10.200000 0
wall -34.199993 0 27.200001 0
wall -41.399990 0 27.200001 0
wall -41.399990 0 13.600002 0
wall -26.999996 0 40.800003 0
wall -18.000000 0 40.800003 0
wall -14.400001 0 40.800003 0
wall -3.600000 0 30.600000 0
wall 7.200000 0 37.400002 0
wall 14.400001 0 37.400002 0
wall 23.399998 0 27.200001 0
wall 26.999996 0 10.200003 0
wall 35.999992 0 20.400002 0
wall 35.999992 0 40.800003 0
wall -0.000001 0.001 23.399992 90
wall -10.200001 0.001 34.199989 90
wall -20.400000 0.001 -12.599997 90
wall 0.332233 0 -3.060634 0
wall -30.468616 0 3.538507 0
item -19.200001 0 -40.000000 0
item 29.334900 -1 -39.934830 0
item 14.612360 -1 -9.115032 0
item 5.383933 -1 -3.086607 0
item -27.835299 -1 -3.774434 0
item -10.809717 -1 -13.047213 0
item 1.614053 -1 35.335197 0
item 11.560859 -1 25.290144 0
item 39.991737 -1 21.558764 0
item 28.603382 -1 -8.651651 0
item 31.078259 -1 21.323223 0
item -28.049171 -1 -18.727028 0
item -10.903797 -1 24.818012 0
item -38.935543 -1 -0.186286 0
item -37.849758 -1 31.899490 0
item -17.889591 -1 5.439323 0
turret 41.185833 -1 -40.288845 270
turret -40.914112 -1 -40.288845 90
turret -14.807499 -1 -31.882240 0
turret -41.616642 -1 5.034053 180
turret -7.294195 -1 -18.977066 270
turret -38.025936 -1 41.154671 180
turret -25.035986 -1 -8.456596 0
turret -17.665274 -1 -8.727308 0
turret -7.246760 -1 29.689228 270
turret -10.146757 -1 41.189228 90
turret 10.753244 -1 41.189228 180
turret 5.449942 -1 19.764610 180
turret 19.699688 -1 15.614859 270
turret 40.825077 -1 -19.010654 270
turret 23.268215 -1 -8.853792 180
turret 41.232544 -1 1.767528 270
turret 41.632538 -1 11.067533 270
turret 30.861826 -1 41.196846 180
turret 39.954231 -1 41.089130 180
turret -30.690226 -1 41.120544 180
