Level 2
wall 35.923615 0 -35.616508 90
wall 21.977167 0 -35.220299 0
wall 17.018597 0 -26.778893 90
wall 8.318598 0 -32.078899 0
wall 0.118598 0 -36.678829 90
wall -0.581402 0 -27.678820 90
wall -5.488511 0 -18.871716 0
wall 7.611486 0 -19.471722 90
wall 21.821545 0 -14.481756 0
wall 33.719818 0 -27.094828 0
wall 2.647230 0 -10.717186 0
wall -13.352760 0 -19.217201 0
wall -18.484152 0 -31.687098 90
wall -18.384151 0 -35.887039 90
wall -31.551973 0 -35.346504 0
wall -41.300358 0 -35.343552 0
wall -22.010391 0 -21.658926 90
wall -27.268158 0 -13.181070 0
wall -6.199955 0 -5.644284 90
wall -20.386969 0 -7.978598 0
wall -35.086071 0 -17.146305 0
wall -39.985996 0 -17.146305 0
wall 12.411568 0 -10.429996 0
wall 35.800644 0 -13.919086 90
wall 26.936239 0 -5.404869 90
wall 40.780090 0 -0.539690 0
wall 31.878723 0 8.465919 0
wall 27.459465 0 8.646680 0
wall 32.270718 0 17.694052 90
wall 18.468952 0 3.958498 90
wall -1.530187 0 3.126264 0
wall 13.429974 0 18.586426 90
wall 3.329479 0 11.601135 90
wall 33.861443 0 26.874283 0
wall 35.221245 0 41.255413 90
wall 26.219715 0 35.953838 0
wall 18.338575 0 27.342573 0
wall -11.003540 0 3.379099 0
wall -25.403563 0 0.979099 90
wall -39.985531 0 -2.874453 0
wall -19.739061 0 8.403347 90
wall -39.754887 0 10.304560 90
wall -36.198517 0 18.940603 0
wall -19.873905 0 15.930189 90
wall 9.290791 0 32.309628 90
wall 0.383682 0 37.067001 0
wall -3.768765 0 37.074097 0
wall -19.828588 0 20.007166 90
wall -31.496370 0 28.196283 90
wall -17.390993 0 28.601669 0
wall -5.906549 0 19.731417 90
wall -10.813662 0 28.845625 0
wall -31.522028 0 37.319656 90
wall 17.199934 0 40.930450 90
turret 4.764698 -1 37.035252 90
turret -14.217777 -1 23.996405 0
turret -40.518173 -1 14.377766 0
turret -32.037422 -1 24.232569 90
turret 14.678761 -1 25.877680 270
turret 41.123432 -1 8.532932 0
turret 40.711285 -1 -9.886300 270
turret 39.331371 -1 -31.539015 0
turret 39.331371 -1 -31.539015 0
turret 40.533428 -1 -40.440964 270
turret 17.583675 -1 -40.491211 270
turret -36.216312 -1 -40.491211 0
turret 4.697902 -1 -31.977003 270
turret -41.372791 -1 -26.047716 90
turret -28.181122 -1 -41.145981 0
turret 30.336401 -1 -22.942673 270
turret 7.538119 -1 -15.287061 0
turret 2.638120 -1 -0.587061 90
turret 23.717173 -1 8.091975 270
turret -40.760078 -1 6.156572 90
turret -6.162057 -1 -0.565234 0
item 33.863914 -1 -17.835890 0
item -0.803306 -1 -40.453068 0
item -30.924635 -1 -19.296196 0
item -1.060665 -1 -22.432228 0
item 36.435925 -1 -5.306243 0
item 41.005505 -1 13.244317 0
item 17.323023 -1 -5.066593 0
item 8.337238 -1 3.747621 0
item -1.627229 -1 15.783154 0
item -10.721350 -1 38.998566 0
item -22.039366 -1 28.180550 0
item -40.392921 -1 32.326996 0
item -29.761185 -1 9.573936 0
item -20.286308 -1 -16.936466 0
item 26.054337 -1 24.747332 0